# Created by Octave 4.2.1, Tue May 16 11:05:29 2017 WIB <afif@afif-macbook.local>
# name: a
# type: uint8 matrix
# ndims: 2
 50 50
 240
 224
 224
 0
 0
 0
 200
 192
 144
 176
 226
 208
 192
 208
 192
 192
 144
 192
 128
 192
 0
 128
 128
 64
 0
 128
 64
 128
 128
 128
 192
 0
 128
 192
 0
 0
 192
 192
 0
 136
 128
 128
 128
 192
 192
 224
 128
 160
 0
 0
 52
 240
 224
 0
 0
 0
 240
 232
 192
 160
 176
 194
 128
 224
 208
 192
 192
 128
 0
 128
 192
 160
 128
 128
 128
 96
 128
 0
 128
 0
 192
 64
 64
 128
 192
 128
 128
 192
 128
 128
 192
 128
 192
 128
 192
 128
 224
 128
 0
 0
 224
 52
 240
 0
 0
 0
 144
 240
 232
 144
 224
 176
 192
 192
 160
 192
 224
 192
 128
 128
 128
 64
 128
 128
 64
 128
 0
 128
 0
 128
 0
 128
 192
 64
 128
 128
 0
 128
 128
 128
 128
 192
 192
 192
 128
 160
 128
 224
 0
 0
 208
 184
 176
 88
 224
 192
 192
 194
 224
 128
 128
 192
 128
 0
 128
 128
 128
 0
 144
 128
 128
 128
 128
 128
 128
 64
 192
 128
 128
 132
 128
 128
 128
 128
 192
 128
 192
 0
 128
 224
 192
 128
 192
 192
 192
 0
 0
 0
 0
 0
 192
 192
 184
 224
 208
 224
 128
 194
 194
 192
 192
 128
 128
 128
 0
 0
 16
 128
 0
 0
 128
 64
 128
 128
 128
 128
 64
 0
 128
 192
 0
 128
 128
 0
 128
 192
 64
 128
 0
 0
 192
 192
 192
 192
 192
 0
 0
 0
 0
 0
 176
 192
 208
 192
 224
 216
 224
 192
 192
 192
 192
 128
 128
 128
 128
 0
 0
 144
 128
 0
 144
 128
 128
 128
 192
 128
 128
 212
 0
 128
 128
 0
 128
 128
 0
 128
 192
 192
 192
 128
 128
 224
 192
 224
 64
 0
 0
 0
 0
 0
 0
 0
 0
 160
 224
 224
 224
 192
 224
 128
 160
 64
 224
 128
 128
 128
 128
 128
 128
 128
 128
 128
 128
 128
 128
 192
 128
 128
 128
 128
 160
 128
 128
 128
 128
 128
 128
 64
 128
 192
 160
 128
 192
 128
 128
 192
 64
 128
 0
 0
 0
 0
 0
 160
 224
 224
 128
 224
 192
 128
 128
 224
 128
 192
 128
 128
 192
 0
 128
 64
 128
 128
 0
 128
 0
 128
 192
 128
 192
 128
 0
 128
 128
 128
 128
 128
 128
 136
 64
 128
 192
 128
 128
 192
 192
 192
 224
 128
 0
 0
 0
 0
 0
 224
 160
 224
 224
 192
 224
 64
 128
 128
 0
 128
 224
 128
 128
 128
 128
 128
 128
 128
 128
 0
 192
 0
 128
 128
 128
 0
 128
 32
 160
 128
 128
 0
 192
 128
 136
 128
 128
 192
 160
 128
 128
 0
 192
 192
 0
 0
 192
 240
 128
 0
 0
 0
 176
 224
 224
 192
 0
 192
 128
 128
 0
 128
 0
 192
 128
 128
 128
 224
 128
 128
 0
 192
 0
 192
 128
 193
 232
 128
 192
 224
 160
 128
 128
 192
 0
 192
 128
 128
 64
 144
 128
 192
 208
 0
 0
 0
 240
 192
 112
 0
 0
 0
 192
 176
 224
 0
 128
 0
 0
 128
 192
 128
 0
 0
 128
 128
 128
 0
 224
 128
 192
 0
 192
 128
 192
 0
 128
 200
 128
 160
 224
 160
 192
 0
 192
 128
 192
 128
 128
 64
 144
 32
 224
 208
 0
 0
 128
 240
 192
 0
 0
 0
 224
 192
 144
 128
 0
 192
 128
 0
 192
 192
 128
 128
 128
 128
 128
 128
 0
 96
 192
 192
 0
 192
 128
 192
 192
 128
 200
 128
 160
 224
 0
 192
 128
 128
 128
 192
 128
 128
 192
 0
 64
 64
 0
 0
 0
 0
 0
 0
 0
 0
 160
 192
 224
 0
 64
 128
 128
 128
 192
 160
 128
 128
 128
 128
 0
 128
 64
 128
 128
 128
 64
 192
 128
 128
 224
 160
 128
 224
 192
 160
 192
 160
 192
 192
 128
 128
 64
 128
 128
 0
 128
 128
 0
 0
 0
 0
 0
 0
 0
 0
 0
 224
 192
 128
 128
 64
 128
 128
 128
 128
 160
 128
 96
 128
 0
 128
 128
 64
 128
 128
 128
 192
 192
 128
 224
 224
 160
 0
 224
 192
 128
 192
 160
 128
 192
 128
 16
 128
 128
 160
 0
 128
 0
 0
 0
 0
 0
 0
 0
 0
 224
 64
 128
 128
 128
 0
 192
 128
 128
 128
 128
 160
 0
 32
 128
 128
 128
 128
 64
 128
 128
 128
 64
 192
 128
 224
 192
 160
 160
 224
 160
 0
 192
 128
 128
 192
 128
 16
 128
 160
 192
 0
 0
 0
 224
 224
 208
 224
 192
 224
 192
 176
 240
 128
 4
 192
 128
 128
 0
 192
 64
 128
 0
 128
 128
 192
 160
 0
 128
 128
 64
 0
 128
 128
 192
 128
 128
 192
 192
 128
 208
 160
 128
 192
 128
 128
 192
 128
 64
 128
 128
 128
 0
 0
 160
 224
 224
 224
 128
 64
 192
 192
 176
 0
 192
 4
 128
 128
 128
 0
 192
 64
 192
 128
 128
 64
 128
 160
 128
 128
 128
 128
 128
 128
 128
 128
 0
 128
 128
 64
 128
 144
 32
 192
 128
 128
 128
 192
 0
 128
 128
 128
 0
 0
 208
 160
 224
 224
 224
 224
 224
 192
 192
 192
 128
 192
 0
 128
 128
 128
 0
 64
 0
 64
 128
 0
 64
 128
 0
 0
 128
 128
 128
 128
 128
 128
 192
 128
 128
 64
 128
 128
 208
 128
 192
 128
 192
 128
 192
 128
 0
 128
 0
 0
 232
 160
 184
 224
 192
 194
 128
 128
 192
 192
 128
 0
 128
 0
 128
 128
 128
 128
 0
 0
 128
 64
 0
 128
 128
 128
 192
 128
 128
 128
 192
 160
 192
 192
 64
 192
 224
 224
 128
 208
 96
 128
 224
 160
 128
 128
 192
 0
 0
 0
 176
 224
 160
 224
 96
 192
 224
 192
 176
 144
 192
 224
 128
 128
 0
 192
 128
 128
 128
 128
 128
 192
 128
 0
 0
 0
 128
 128
 128
 128
 128
 192
 160
 192
 128
 64
 160
 192
 224
 128
 208
 224
 64
 224
 128
 0
 128
 128
 0
 0
 184
 176
 224
 226
 224
 224
 224
 232
 192
 0
 144
 192
 128
 0
 128
 128
 192
 128
 128
 128
 128
 192
 200
 64
 192
 0
 128
 128
 128
 128
 64
 128
 196
 192
 208
 192
 128
 160
 192
 192
 128
 208
 128
 192
 224
 128
 128
 128
 0
 0
 216
 96
 236
 0
 0
 0
 0
 0
 0
 128
 64
 0
 0
 224
 192
 160
 160
 128
 130
 196
 128
 128
 192
 0
 192
 0
 128
 192
 64
 192
 208
 160
 224
 224
 192
 192
 128
 208
 96
 224
 192
 224
 224
 128
 128
 192
 0
 192
 0
 0
 224
 216
 96
 0
 0
 0
 0
 0
 0
 192
 128
 224
 128
 0
 224
 128
 160
 160
 64
 128
 196
 0
 128
 192
 144
 192
 64
 192
 192
 68
 192
 192
 160
 224
 224
 192
 192
 224
 208
 192
 224
 192
 208
 224
 128
 192
 224
 64
 0
 0
 232
 192
 208
 0
 0
 0
 0
 0
 0
 0
 192
 16
 192
 128
 0
 128
 128
 160
 0
 0
 130
 0
 0
 160
 128
 128
 192
 192
 192
 192
 224
 192
 208
 192
 160
 224
 224
 192
 224
 224
 192
 192
 128
 208
 224
 192
 0
 192
 0
 0
 0
 0
 0
 0
 0
 0
 0
 0
 128
 192
 224
 64
 128
 192
 128
 128
 64
 64
 128
 128
 128
 128
 0
 128
 16
 0
 160
 160
 176
 194
 224
 128
 224
 160
 192
 224
 160
 224
 192
 192
 160
 132
 128
 192
 144
 64
 0
 128
 0
 0
 0
 0
 0
 0
 0
 0
 0
 0
 0
 192
 192
 224
 128
 128
 192
 0
 128
 128
 0
 128
 128
 144
 128
 0
 136
 144
 0
 192
 168
 176
 64
 224
 128
 224
 160
 192
 240
 160
 224
 128
 192
 224
 128
 192
 224
 192
 192
 192
 0
 0
 0
 0
 0
 0
 0
 0
 128
 0
 0
 0
 192
 80
 128
 128
 128
 192
 0
 128
 128
 0
 128
 128
 144
 0
 128
 136
 144
 192
 192
 168
 192
 0
 192
 224
 224
 160
 192
 224
 160
 132
 192
 192
 144
 128
 192
 128
 192
 192
 0
 0
 160
 228
 224
 240
 208
 128
 240
 176
 208
 0
 0
 0
 192
 192
 128
 128
 128
 0
 128
 128
 128
 192
 128
 128
 192
 192
 128
 224
 192
 160
 128
 128
 144
 224
 192
 224
 208
 192
 192
 192
 128
 0
 192
 128
 192
 64
 192
 192
 0
 0
 200
 160
 192
 232
 240
 208
 128
 240
 176
 64
 0
 0
 192
 192
 192
 192
 160
 128
 128
 192
 128
 192
 192
 128
 128
 192
 192
 224
 224
 192
 224
 128
 128
 208
 224
 192
 128
 208
 64
 192
 224
 128
 128
 224
 128
 96
 192
 192
 0
 0
 224
 192
 160
 160
 200
 240
 216
 128
 240
 0
 64
 0
 128
 128
 192
 128
 192
 160
 128
 0
 192
 128
 192
 192
 128
 0
 192
 160
 224
 192
 16
 96
 128
 160
 192
 224
 192
 160
 208
 160
 192
 160
 192
 160
 224
 192
 224
 160
 0
 0
 0
 0
 0
 212
 124
 232
 0
 0
 0
 0
 0
 4
 224
 224
 130
 64
 128
 128
 128
 192
 64
 128
 0
 128
 192
 128
 64
 96
 128
 128
 192
 128
 64
 192
 128
 192
 0
 0
 0
 128
 128
 192
 192
 192
 128
 192
 128
 192
 0
 0
 0
 0
 0
 160
 212
 124
 0
 0
 0
 0
 0
 0
 192
 224
 224
 128
 64
 0
 64
 128
 0
 128
 0
 4
 128
 224
 128
 128
 224
 128
 128
 192
 192
 96
 224
 128
 0
 0
 0
 192
 64
 128
 192
 224
 192
 224
 64
 128
 0
 0
 0
 0
 0
 236
 160
 212
 0
 0
 0
 4
 0
 0
 128
 192
 224
 192
 128
 64
 64
 64
 128
 128
 128
 136
 64
 128
 224
 128
 192
 224
 192
 128
 192
 192
 224
 224
 0
 0
 0
 192
 192
 192
 128
 160
 224
 192
 96
 192
 0
 0
 200
 160
 192
 224
 224
 224
 224
 224
 168
 176
 208
 208
 192
 224
 192
 128
 192
 128
 128
 128
 192
 128
 128
 128
 128
 96
 0
 128
 0
 128
 192
 128
 192
 128
 128
 128
 192
 128
 144
 0
 192
 224
 192
 128
 0
 193
 0
 128
 0
 0
 224
 224
 176
 160
 224
 224
 224
 224
 224
 192
 224
 208
 64
 128
 224
 128
 128
 192
 144
 128
 0
 128
 128
 128
 128
 128
 32
 192
 128
 0
 0
 192
 0
 192
 128
 128
 128
 192
 128
 0
 128
 192
 128
 192
 192
 64
 193
 128
 0
 0
 192
 192
 232
 192
 160
 224
 168
 224
 224
 192
 192
 240
 192
 192
 192
 128
 128
 0
 192
 144
 128
 128
 128
 128
 128
 0
 128
 128
 192
 128
 192
 128
 64
 128
 192
 128
 144
 128
 192
 224
 0
 128
 128
 128
 192
 128
 64
 193
 0
 0
 224
 192
 224
 232
 208
 128
 64
 192
 224
 0
 0
 0
 0
 0
 0
 192
 192
 192
 160
 128
 144
 192
 0
 128
 160
 128
 192
 192
 128
 0
 2
 224
 200
 64
 192
 192
 128
 192
 128
 192
 160
 192
 128
 192
 128
 192
 128
 192
 0
 0
 224
 224
 192
 224
 232
 208
 176
 192
 192
 0
 0
 0
 0
 0
 0
 192
 208
 224
 128
 64
 128
 192
 192
 128
 64
 160
 128
 192
 64
 128
 192
 192
 96
 128
 0
 192
 128
 144
 192
 192
 192
 160
 128
 128
 192
 0
 224
 128
 0
 0
 224
 224
 192
 136
 224
 232
 192
 128
 224
 0
 0
 0
 0
 0
 0
 192
 192
 208
 208
 128
 224
 128
 128
 192
 192
 64
 32
 0
 128
 192
 136
 160
 192
 192
 128
 192
 128
 128
 144
 192
 128
 192
 128
 128
 128
 192
 0
 224
 0
 0
 0
 0
 0
 240
 128
 192
 208
 176
 192
 0
 0
 0
 216
 224
 224
 240
 192
 224
 224
 224
 192
 208
 192
 192
 192
 96
 192
 32
 136
 136
 192
 128
 224
 224
 128
 224
 192
 112
 192
 160
 192
 192
 192
 160
 128
 132
 128
 128
 0
 0
 0
 0
 0
 240
 240
 128
 224
 224
 176
 0
 0
 0
 112
 216
 224
 192
 240
 192
 192
 224
 224
 240
 208
 192
 128
 224
 96
 128
 176
 136
 0
 192
 128
 128
 200
 128
 192
 192
 112
 128
 160
 192
 0
 224
 160
 128
 192
 144
 0
 0
 0
 0
 0
 192
 240
 248
 128
 192
 224
 0
 0
 0
 224
 48
 216
 224
 192
 240
 192
 192
 224
 128
 240
 80
 64
 64
 128
 128
 128
 128
 224
 0
 192
 192
 128
 224
 192
 192
 192
 192
 128
 160
 128
 0
 192
 128
 128
 196
 0
 0
 0
 0
 0
 0
 0
 0
 224
 96
 232
 192
 208
 224
 192
 224
 224
 224
 192
 48
 192
 224
 192
 0
 0
 0
 224
 192
 192
 208
 128
 192
 224
 128
 64
 224
 144
 224
 192
 128
 192
 192
 192
 192
 128
 0
 160
 0
 128
 0
 0
 0
 16
 0
 0
 0
 0
 0
 216
 224
 96
 192
 192
 208
 200
 192
 224
 160
 224
 192
 240
 192
 224
 0
 0
 0
 192
 224
 192
 0
 208
 128
 128
 192
 128
 128
 240
 144
 128
 192
 128
 64
 192
 128
 192
 128
 0
 128
 128
 128
 0
 0
 0
 16
 0
 0
 0
 0
 248
 216
 96
 228
 192
 192
 160
 200
 192
 176
 160
 232
 192
 240
 192
 0
 0
 0
 192
 192
 224
 128
 64
 208
 64
 128
 224
 224
 128
 240
 192
 128
 192
 192
 80
 192
 160
 192
 128
 128
 192
 128
 0
 0
 224
 224
 192
 224
 192
 96
 112
 240
 240
 232
 192
 176
 0
 0
 0
 228
 200
 224
 0
 0
 0
 0
 0
 0
 0
 0
 0
 224
 192
 0
 128
 192
 128
 192
 224
 192
 192
 192
 128
 192
 0
 160
 192
 32
 128
 192
 192
 128
 0
 0
 224
 224
 224
 192
 224
 224
 56
 240
 240
 224
 232
 192
 0
 0
 0
 96
 228
 200
 0
 0
 0
 0
 0
 0
 1
 0
 0
 160
 224
 192
 32
 128
 192
 192
 192
 224
 160
 192
 64
 128
 192
 128
 160
 192
 32
 128
 192
 192
 0
 0
 192
 224
 224
 224
 192
 224
 208
 48
 240
 160
 224
 232
 0
 0
 0
 224
 96
 228
 0
 0
 0
 0
 0
 0
 0
 1
 0
 0
 160
 224
 128
 0
 128
 192
 192
 192
 128
 160
 192
 160
 128
 194
 128
 160
 128
 128
 128
 192
 0
 0
 0
 0
 0
 0
 0
 0
 0
 0
 0
 0
 0
 0
 0
 0
 0
 0
 0
 0
 0
 0
 0
 0
 0
 0
 0
 0
 0
 0
 0
 0
 0
 0
 0
 0
 0
 0
 0
 0
 0
 0
 0
 0
 0
 0
 0
 0
 0
 0
 0
 0
 0
 0
 0
 0
 0
 0
 0
 0
 0
 0
 0
 0
 0
 0
 0
 0
 0
 0
 0
 0
 0
 0
 0
 0
 0
 0
 0
 0
 0
 0
 0
 0
 0
 0
 0
 0
 0
 0
 0
 0
 0
 0
 0
 0
 0
 0
 0
 0
 0
 0


# name: ans
# type: scalar
2.966666666666667


# name: best
# type: scalar
68


# name: bestIndividu
# type: matrix
# rows: 1
# columns: 9
 192 128 128 192 192 128 128 192 192


# name: degraded
# type: uint8 scalar
57


# name: epoc
# type: scalar
300


# name: f
# type: scalar
100


# name: fitness
# type: matrix
# rows: 1
# columns: 100
 78 64 78 107 99 85 92 78 107 78 92 78 92 85 107 107 99 78 107 78 99 92 99 107 92 92 92 92 85 78 92 78 64 85 107 64 78 92 78 78 107 85 71 64 92 99 78 85 64 92 92 99 85 92 64 78 64 92 78 92 92 92 92 78 78 92 71 50 99 99 92 78 85 92 107 85 107 64 71 107 92 92 99 107 92 92 78 107 92 85 78 107 107 92 107 78 92 107 85 78


# name: i
# type: scalar
46


# name: im
# type: uint8 matrix
# ndims: 2
 50 50
 178
 181
 182
 182
 186
 182
 183
 184
 182
 184
 187
 187
 182
 186
 190
 192
 195
 194
 140
 88
 37
 17
 12
 11
 11
 11
 10
 9
 10
 10
 10
 9
 10
 9
 9
 11
 14
 15
 16
 61
 73
 44
 26
 23
 16
 12
 9
 8
 8
 8
 178
 182
 182
 184
 184
 183
 185
 187
 181
 191
 187
 190
 180
 172
 187
 192
 181
 54
 19
 12
 10
 9
 10
 10
 10
 11
 9
 9
 9
 9
 9
 9
 9
 9
 9
 9
 9
 9
 21
 40
 112
 205
 188
 165
 145
 127
 65
 15
 9
 9
 178
 182
 183
 185
 187
 189
 185
 182
 186
 192
 194
 191
 127
 100
 127
 148
 37
 14
 16
 11
 10
 9
 10
 9
 10
 10
 9
 9
 10
 9
 10
 10
 9
 9
 9
 9
 9
 12
 45
 56
 57
 74
 188
 213
 205
 205
 194
 171
 121
 34
 181
 183
 184
 184
 185
 185
 187
 184
 190
 209
 197
 158
 32
 20
 18
 16
 13
 11
 11
 11
 9
 9
 9
 10
 10
 10
 10
 9
 10
 9
 9
 9
 9
 9
 9
 9
 9
 23
 71
 64
 64
 68
 83
 150
 213
 222
 220
 207
 160
 80
 181
 183
 183
 181
 183
 187
 185
 187
 189
 195
 173
 37
 16
 13
 14
 15
 10
 10
 11
 10
 9
 9
 10
 10
 10
 10
 10
 9
 9
 10
 10
 9
 10
 10
 9
 9
 11
 52
 74
 71
 70
 79
 89
 100
 124
 198
 225
 212
 90
 108
 181
 186
 183
 183
 189
 187
 189
 189
 195
 198
 77
 15
 13
 15
 15
 11
 10
 10
 10
 10
 9
 9
 9
 10
 10
 10
 10
 9
 9
 9
 10
 9
 10
 10
 9
 10
 16
 36
 76
 86
 93
 96
 104
 108
 114
 121
 164
 145
 148
 138
 181
 181
 182
 185
 185
 186
 186
 185
 191
 168
 25
 14
 16
 18
 14
 10
 10
 10
 10
 10
 9
 9
 10
 10
 9
 10
 9
 9
 9
 9
 10
 10
 10
 10
 13
 15
 20
 22
 40
 83
 108
 120
 121
 120
 110
 116
 127
 157
 186
 181
 180
 185
 182
 187
 184
 187
 189
 190
 187
 102
 19
 20
 14
 13
 12
 10
 10
 9
 9
 9
 9
 9
 9
 9
 9
 10
 9
 9
 9
 9
 10
 12
 12
 18
 20
 21
 21
 27
 27
 32
 83
 128
 130
 118
 105
 106
 123
 140
 185
 182
 178
 185
 182
 184
 186
 187
 189
 188
 162
 49
 19
 20
 12
 18
 10
 9
 10
 8
 9
 9
 9
 9
 9
 9
 10
 9
 9
 9
 9
 20
 57
 45
 29
 24
 19
 20
 21
 24
 26
 28
 33
 68
 118
 109
 97
 85
 106
 133
 154
 151
 179
 186
 188
 183
 190
 188
 189
 193
 156
 22
 26
 15
 13
 14
 11
 9
 9
 9
 9
 9
 9
 9
 9
 9
 9
 9
 10
 10
 77
 152
 151
 145
 138
 132
 116
 39
 17
 19
 22
 26
 26
 38
 92
 86
 81
 67
 85
 119
 139
 139
 179
 185
 184
 189
 187
 190
 193
 199
 116
 15
 17
 12
 11
 15
 11
 9
 9
 8
 9
 9
 8
 9
 9
 9
 9
 9
 9
 56
 82
 163
 180
 164
 149
 141
 113
 173
 89
 19
 19
 20
 27
 66
 76
 69
 63
 57
 72
 96
 119
 135
 182
 186
 186
 186
 186
 185
 193
 198
 30
 11
 11
 11
 14
 10
 10
 9
 9
 9
 9
 9
 8
 9
 9
 9
 9
 9
 17
 100
 58
 126
 146
 72
 83
 68
 173
 181
 169
 95
 19
 27
 44
 43
 50
 51
 44
 46
 59
 84
 104
 117
 183
 187
 185
 185
 189
 189
 193
 189
 15
 10
 10
 11
 11
 12
 11
 9
 10
 9
 10
 10
 9
 9
 9
 9
 9
 9
 16
 88
 26
 22
 61
 82
 64
 35
 34
 134
 168
 120
 40
 37
 22
 17
 18
 20
 20
 21
 23
 35
 53
 82
 183
 187
 189
 186
 191
 191
 195
 184
 14
 10
 10
 10
 12
 11
 10
 10
 11
 9
 10
 11
 10
 9
 10
 10
 9
 10
 10
 25
 55
 19
 62
 133
 190
 148
 121
 118
 110
 105
 85
 65
 42
 20
 15
 16
 16
 17
 18
 19
 22
 22
 183
 188
 184
 188
 187
 190
 193
 192
 18
 11
 10
 11
 12
 17
 11
 11
 14
 11
 12
 12
 10
 9
 13
 11
 9
 10
 10
 10
 11
 11
 37
 166
 176
 151
 133
 133
 114
 105
 103
 85
 71
 44
 22
 15
 15
 16
 16
 17
 18
 17
 186
 189
 184
 186
 190
 189
 192
 196
 27
 13
 10
 10
 10
 11
 11
 14
 16
 16
 13
 12
 9
 10
 11
 12
 9
 11
 10
 10
 10
 10
 18
 78
 127
 110
 80
 101
 116
 115
 123
 108
 95
 68
 43
 19
 15
 15
 15
 15
 17
 15
 188
 187
 185
 189
 187
 189
 193
 199
 65
 11
 10
 11
 11
 12
 12
 12
 11
 15
 12
 11
 9
 11
 11
 12
 10
 10
 9
 9
 10
 9
 12
 14
 22
 17
 17
 65
 135
 136
 137
 129
 110
 93
 67
 36
 18
 15
 14
 13
 16
 13
 181
 190
 186
 189
 192
 187
 189
 196
 111
 11
 10
 11
 10
 15
 11
 10
 10
 13
 17
 10
 11
 11
 12
 13
 10
 11
 10
 9
 9
 9
 11
 14
 15
 13
 21
 53
 143
 144
 145
 141
 124
 105
 88
 60
 33
 17
 13
 13
 15
 13
 184
 188
 189
 187
 190
 186
 191
 198
 138
 12
 10
 12
 10
 12
 14
 12
 10
 10
 13
 11
 12
 13
 11
 11
 10
 11
 10
 10
 11
 11
 11
 15
 13
 20
 43
 78
 145
 149
 152
 141
 135
 122
 104
 84
 64
 38
 15
 12
 14
 13
 182
 188
 189
 188
 187
 186
 190
 194
 155
 12
 11
 11
 10
 11
 13
 15
 10
 10
 12
 12
 11
 11
 12
 10
 10
 10
 10
 10
 9
 10
 35
 79
 89
 98
 114
 142
 150
 155
 150
 150
 147
 137
 116
 94
 82
 68
 29
 14
 14
 13
 186
 188
 186
 186
 188
 190
 191
 192
 183
 15
 10
 12
 10
 10
 11
 11
 12
 13
 15
 13
 10
 11
 12
 9
 11
 10
 10
 10
 10
 43
 159
 176
 177
 171
 155
 144
 154
 151
 151
 156
 145
 134
 124
 112
 93
 84
 57
 21
 14
 13
 184
 188
 185
 188
 188
 183
 187
 193
 193
 34
 10
 11
 10
 11
 10
 11
 13
 17
 13
 10
 11
 11
 10
 9
 10
 10
 10
 11
 37
 165
 183
 186
 186
 181
 177
 167
 161
 162
 169
 164
 155
 144
 129
 121
 100
 89
 80
 55
 20
 12
 184
 188
 186
 185
 186
 184
 190
 191
 200
 71
 10
 11
 11
 10
 12
 12
 16
 11
 12
 11
 14
 9
 10
 9
 9
 10
 11
 20
 117
 186
 178
 174
 179
 185
 188
 173
 168
 170
 175
 174
 179
 150
 137
 131
 95
 89
 106
 89
 53
 15
 185
 188
 186
 186
 187
 182
 187
 193
 199
 126
 10
 12
 11
 12
 13
 13
 12
 11
 14
 12
 9
 8
 9
 9
 9
 10
 16
 43
 166
 185
 174
 150
 175
 189
 192
 178
 168
 164
 168
 174
 174
 164
 147
 135
 82
 100
 123
 121
 90
 27
 185
 189
 188
 186
 187
 187
 186
 188
 196
 183
 23
 11
 10
 10
 13
 13
 12
 13
 19
 10
 10
 8
 9
 9
 9
 11
 27
 109
 184
 185
 155
 102
 139
 188
 198
 174
 162
 177
 171
 171
 160
 146
 143
 95
 106
 126
 132
 137
 110
 45
 190
 187
 184
 187
 184
 181
 183
 189
 195
 199
 148
 14
 10
 9
 13
 12
 12
 11
 13
 13
 10
 9
 9
 9
 10
 10
 49
 153
 187
 189
 118
 78
 104
 158
 193
 172
 176
 186
 179
 161
 144
 137
 76
 98
 143
 121
 97
 139
 116
 53
 184
 189
 184
 186
 188
 183
 186
 189
 193
 195
 199
 93
 10
 10
 10
 12
 13
 12
 11
 11
 9
 9
 9
 9
 11
 16
 62
 162
 193
 181
 90
 56
 47
 95
 164
 166
 177
 183
 166
 134
 136
 136
 61
 74
 157
 88
 40
 121
 124
 130
 185
 189
 185
 185
 184
 184
 184
 187
 191
 192
 195
 178
 18
 10
 10
 9
 10
 16
 15
 10
 9
 9
 9
 10
 12
 26
 89
 165
 180
 158
 77
 35
 25
 68
 154
 178
 175
 167
 128
 135
 158
 133
 106
 40
 128
 58
 108
 187
 185
 179
 185
 185
 187
 186
 185
 181
 185
 190
 194
 192
 191
 184
 137
 21
 10
 9
 9
 10
 13
 9
 8
 9
 9
 10
 16
 59
 134
 175
 170
 115
 44
 19
 36
 172
 201
 190
 172
 138
 114
 131
 162
 140
 134
 32
 85
 111
 181
 184
 185
 180
 182
 186
 186
 184
 183
 181
 183
 185
 189
 190
 189
 189
 163
 108
 21
 10
 10
 9
 11
 10
 8
 8
 9
 10
 18
 69
 147
 171
 171
 135
 28
 14
 90
 198
 209
 202
 183
 173
 159
 53
 135
 115
 123
 73
 183
 182
 181
 183
 182
 178
 180
 183
 184
 182
 187
 183
 183
 185
 189
 188
 189
 193
 181
 169
 102
 11
 10
 9
 11
 11
 10
 10
 10
 9
 10
 16
 34
 110
 166
 154
 77
 43
 140
 186
 204
 208
 189
 190
 181
 40
 63
 126
 164
 174
 182
 184
 185
 182
 183
 181
 181
 186
 180
 185
 184
 180
 183
 186
 187
 186
 188
 188
 184
 151
 164
 111
 11
 10
 10
 10
 11
 10
 9
 9
 9
 10
 12
 22
 65
 123
 138
 102
 141
 188
 210
 209
 203
 193
 182
 37
 106
 196
 191
 188
 187
 186
 189
 188
 188
 186
 182
 183
 183
 181
 182
 182
 180
 183
 184
 188
 185
 187
 183
 160
 154
 141
 54
 10
 10
 9
 11
 10
 9
 9
 9
 11
 11
 47
 84
 92
 45
 47
 34
 48
 151
 208
 210
 209
 200
 66
 32
 45
 47
 47
 50
 54
 58
 65
 64
 66
 182
 186
 183
 184
 181
 181
 185
 184
 185
 186
 188
 183
 184
 140
 100
 114
 60
 17
 10
 9
 10
 13
 10
 9
 9
 9
 15
 73
 65
 16
 51
 146
 135
 84
 43
 115
 171
 175
 185
 85
 66
 84
 92
 94
 92
 89
 91
 85
 91
 86
 183
 184
 185
 185
 182
 181
 181
 182
 185
 189
 184
 186
 182
 176
 109
 52
 42
 29
 17
 12
 12
 9
 11
 10
 10
 10
 15
 39
 14
 16
 88
 102
 33
 39
 114
 35
 39
 40
 49
 39
 40
 42
 46
 49
 49
 50
 50
 51
 53
 57
 182
 185
 185
 183
 183
 178
 178
 180
 185
 186
 184
 186
 184
 187
 187
 168
 108
 54
 32
 23
 13
 11
 11
 10
 9
 10
 18
 15
 20
 24
 89
 100
 32
 63
 151
 33
 34
 39
 38
 35
 47
 42
 37
 38
 43
 44
 42
 38
 39
 38
 185
 186
 184
 179
 181
 180
 181
 182
 183
 186
 185
 185
 184
 185
 185
 183
 166
 121
 73
 55
 27
 10
 10
 9
 12
 40
 21
 41
 22
 26
 94
 118
 53
 55
 152
 36
 39
 37
 35
 33
 40
 42
 84
 48
 42
 42
 38
 38
 43
 43
 186
 186
 185
 181
 182
 181
 180
 181
 184
 184
 183
 181
 182
 184
 187
 189
 187
 183
 179
 143
 69
 18
 27
 57
 115
 108
 74
 28
 25
 27
 100
 183
 88
 25
 135
 39
 40
 53
 75
 52
 44
 149
 172
 99
 38
 37
 37
 33
 35
 43
 185
 185
 184
 180
 181
 181
 178
 178
 183
 185
 182
 186
 181
 183
 187
 186
 184
 183
 184
 185
 172
 156
 153
 161
 168
 93
 137
 30
 32
 34
 98
 125
 73
 33
 134
 39
 109
 90
 72
 86
 148
 63
 72
 44
 41
 37
 41
 36
 36
 41
 184
 185
 183
 184
 178
 178
 182
 181
 183
 185
 185
 182
 180
 184
 185
 185
 185
 185
 182
 184
 185
 184
 183
 175
 184
 82
 89
 35
 38
 46
 103
 101
 34
 32
 129
 72
 86
 39
 45
 49
 69
 161
 40
 40
 41
 40
 43
 43
 40
 40
 184
 188
 184
 182
 179
 181
 179
 180
 186
 186
 183
 183
 181
 182
 184
 181
 183
 184
 186
 180
 185
 185
 182
 185
 185
 84
 73
 43
 40
 47
 104
 99
 29
 31
 134
 93
 77
 80
 90
 49
 53
 137
 59
 41
 39
 41
 40
 41
 36
 37
 184
 188
 186
 184
 186
 181
 181
 182
 185
 184
 182
 181
 181
 178
 186
 184
 186
 184
 182
 182
 182
 187
 187
 182
 188
 94
 108
 53
 45
 43
 104
 100
 30
 31
 165
 176
 208
 222
 197
 83
 85
 141
 58
 43
 39
 39
 36
 37
 31
 29
 184
 187
 187
 184
 183
 182
 184
 183
 186
 183
 182
 185
 183
 183
 184
 187
 189
 183
 182
 185
 181
 183
 180
 184
 184
 124
 170
 49
 46
 46
 103
 97
 32
 32
 191
 203
 172
 57
 64
 60
 48
 42
 36
 35
 27
 29
 48
 70
 66
 45
 186
 188
 185
 184
 181
 179
 183
 181
 187
 183
 183
 181
 182
 183
 183
 189
 184
 182
 182
 182
 183
 183
 188
 184
 183
 162
 183
 55
 51
 47
 105
 95
 29
 32
 189
 199
 164
 39
 33
 40
 27
 28
 60
 42
 26
 46
 41
 56
 60
 49
 186
 187
 186
 186
 183
 182
 181
 182
 183
 185
 181
 181
 183
 181
 185
 187
 185
 182
 180
 184
 183
 186
 185
 183
 185
 180
 126
 129
 49
 65
 107
 97
 29
 32
 190
 197
 156
 97
 117
 173
 211
 124
 87
 82
 30
 46
 51
 45
 45
 38
 185
 189
 187
 186
 181
 179
 185
 179
 185
 182
 181
 181
 184
 186
 185
 184
 188
 183
 184
 180
 184
 183
 182
 182
 182
 180
 176
 125
 76
 52
 104
 98
 30
 31
 192
 214
 186
 228
 187
 196
 214
 170
 129
 71
 38
 42
 42
 42
 45
 46
 185
 187
 187
 184
 185
 181
 181
 183
 183
 182
 182
 181
 179
 182
 184
 183
 184
 181
 179
 184
 182
 180
 186
 179
 182
 182
 181
 167
 117
 68
 104
 100
 29
 29
 178
 183
 192
 71
 142
 71
 92
 36
 39
 40
 39
 38
 41
 42
 45
 46
 186
 186
 186
 185
 182
 186
 183
 181
 183
 182
 181
 182
 179
 183
 184
 184
 184
 185
 179
 179
 182
 182
 182
 183
 179
 177
 180
 184
 175
 96
 148
 102
 28
 27
 164
 169
 178
 42
 35
 38
 36
 38
 39
 41
 38
 47
 97
 89
 57
 43
 185
 185
 185
 182
 184
 180
 179
 179
 181
 184
 179
 183
 180
 183
 183
 185
 181
 183
 178
 181
 180
 181
 183
 180
 179
 181
 183
 183
 187
 184
 182
 102
 29
 36
 203
 194
 223
 124
 85
 37
 35
 38
 39
 42
 39
 114
 69
 45
 88
 59
 183
 185
 184
 184
 180
 179
 180
 183
 185
 181
 179
 183
 180
 181
 182
 185
 178
 183
 180
 181
 181
 180
 177
 180
 181
 182
 178
 183
 181
 183
 193
 106
 27
 53
 227
 158
 220
 206
 112
 72
 150
 122
 39
 43
 46
 158
 81
 83
 57
 81


# name: imb
# type: uint8 matrix
# ndims: 2
 50 50
 178
 181
 182
 182
 186
 182
 183
 184
 182
 184
 187
 187
 182
 186
 190
 192
 195
 194
 140
 88
 37
 17
 12
 11
 11
 11
 10
 9
 10
 10
 10
 9
 10
 9
 9
 11
 14
 15
 16
 61
 73
 44
 26
 23
 16
 12
 9
 8
 8
 8
 178
 181
 182
 184
 185
 185
 184
 184
 185
 188
 189
 180
 163
 158
 165
 157
 125
 91
 68
 45
 28
 17
 12
 11
 11
 10
 10
 9
 9
 10
 10
 9
 9
 9
 9
 10
 11
 17
 33
 55
 82
 107
 118
 116
 112
 101
 82
 64
 43
 9
 178
 181
 183
 184
 185
 186
 185
 185
 190
 193
 188
 157
 118
 107
 110
 98
 61
 42
 32
 24
 18
 13
 11
 10
 10
 10
 10
 9
 9
 9
 9
 9
 9
 9
 9
 9
 11
 25
 43
 60
 81
 104
 136
 157
 167
 162
 149
 128
 89
 34
 181
 182
 183
 184
 185
 186
 185
 186
 192
 193
 168
 112
 71
 59
 57
 43
 31
 24
 19
 15
 13
 11
 10
 10
 10
 10
 10
 9
 9
 9
 9
 9
 9
 9
 9
 9
 16
 38
 54
 60
 69
 93
 117
 145
 173
 190
 190
 160
 112
 80
 181
 183
 183
 184
 185
 186
 186
 188
 193
 179
 128
 67
 41
 31
 27
 23
 18
 15
 13
 12
 11
 10
 10
 10
 10
 10
 10
 9
 9
 9
 9
 9
 10
 9
 9
 10
 21
 45
 61
 69
 76
 86
 105
 126
 149
 174
 184
 161
 128
 108
 181
 182
 183
 184
 186
 186
 187
 189
 190
 153
 83
 46
 29
 22
 18
 15
 13
 12
 11
 10
 10
 10
 10
 10
 10
 10
 9
 9
 9
 9
 10
 10
 10
 10
 11
 13
 23
 40
 59
 75
 87
 97
 105
 114
 129
 146
 159
 152
 151
 138
 181
 182
 183
 185
 185
 187
 187
 189
 178
 119
 60
 35
 24
 19
 15
 12
 11
 11
 10
 10
 9
 9
 10
 9
 10
 10
 9
 9
 9
 10
 11
 12
 13
 14
 15
 17
 22
 33
 48
 69
 91
 106
 112
 112
 113
 125
 137
 154
 164
 181
 180
 182
 183
 185
 185
 187
 188
 186
 156
 89
 48
 29
 21
 17
 13
 11
 10
 10
 9
 9
 9
 9
 9
 9
 10
 9
 9
 9
 11
 19
 26
 25
 23
 23
 23
 23
 23
 28
 37
 52
 76
 99
 110
 108
 104
 109
 125
 147
 161
 182
 178
 182
 184
 185
 187
 188
 189
 182
 132
 69
 40
 25
 18
 15
 12
 11
 10
 9
 9
 9
 9
 9
 9
 9
 9
 9
 9
 17
 38
 59
 69
 67
 63
 58
 46
 33
 28
 27
 29
 38
 54
 80
 98
 97
 92
 94
 110
 134
 147
 151
 179
 183
 184
 186
 187
 189
 191
 176
 112
 56
 33
 21
 17
 14
 11
 10
 9
 9
 9
 9
 9
 9
 9
 9
 9
 9
 15
 34
 71
 106
 116
 112
 105
 95
 86
 69
 46
 32
 28
 29
 42
 67
 82
 82
 77
 79
 95
 116
 131
 139
 179
 184
 185
 186
 187
 189
 193
 161
 87
 45
 26
 18
 15
 13
 11
 10
 9
 9
 9
 9
 9
 9
 9
 9
 9
 10
 26
 54
 88
 122
 128
 118
 112
 113
 118
 114
 84
 50
 33
 31
 40
 57
 64
 65
 61
 64
 79
 99
 115
 135
 182
 184
 185
 186
 187
 189
 193
 143
 67
 35
 21
 16
 14
 12
 11
 10
 9
 9
 9
 9
 9
 9
 9
 9
 9
 11
 37
 56
 71
 96
 104
 98
 91
 93
 125
 135
 115
 74
 43
 36
 39
 42
 45
 45
 43
 46
 58
 74
 92
 117
 183
 185
 186
 187
 188
 190
 191
 128
 58
 30
 18
 15
 13
 12
 11
 10
 10
 10
 10
 10
 9
 9
 9
 9
 9
 11
 34
 45
 50
 62
 79
 101
 101
 103
 114
 133
 123
 89
 62
 48
 37
 32
 30
 29
 29
 31
 37
 47
 60
 82
 183
 185
 186
 187
 189
 191
 191
 125
 56
 28
 17
 14
 13
 12
 11
 11
 11
 11
 11
 10
 10
 10
 10
 10
 9
 11
 23
 27
 29
 38
 76
 117
 126
 116
 121
 125
 116
 98
 81
 64
 47
 33
 26
 22
 21
 21
 24
 28
 35
 22
 183
 186
 186
 187
 189
 191
 191
 127
 58
 29
 17
 14
 13
 12
 12
 12
 13
 12
 12
 11
 10
 10
 11
 10
 10
 10
 13
 19
 16
 26
 65
 116
 127
 117
 111
 113
 112
 108
 99
 84
 66
 47
 32
 23
 19
 18
 18
 19
 21
 17
 186
 186
 186
 187
 188
 190
 193
 134
 66
 32
 18
 14
 13
 12
 12
 13
 13
 13
 12
 11
 10
 11
 11
 11
 10
 10
 10
 11
 12
 17
 45
 74
 87
 81
 83
 99
 113
 118
 115
 104
 87
 67
 46
 30
 21
 18
 17
 17
 17
 15
 188
 186
 187
 188
 188
 190
 193
 146
 80
 36
 20
 14
 13
 12
 12
 12
 13
 13
 13
 11
 11
 11
 12
 11
 11
 10
 10
 10
 10
 12
 24
 39
 44
 43
 55
 89
 118
 129
 129
 121
 105
 86
 63
 43
 28
 20
 17
 16
 15
 13
 181
 186
 187
 188
 189
 189
 192
 159
 93
 40
 22
 15
 13
 13
 12
 11
 12
 13
 13
 11
 11
 11
 12
 11
 11
 10
 10
 10
 10
 11
 14
 20
 24
 30
 49
 91
 125
 137
 138
 131
 120
 103
 83
 61
 42
 28
 19
 16
 15
 13
 184
 186
 188
 188
 188
 188
 192
 170
 103
 45
 23
 15
 13
 12
 13
 12
 11
 12
 12
 12
 12
 12
 11
 11
 11
 10
 10
 10
 10
 14
 25
 38
 45
 55
 74
 109
 133
 143
 144
 140
 132
 118
 99
 79
 61
 41
 25
 19
 16
 13
 182
 186
 187
 188
 188
 189
 191
 178
 113
 49
 25
 16
 13
 12
 12
 12
 11
 12
 12
 12
 11
 11
 11
 10
 10
 10
 10
 10
 14
 37
 69
 88
 96
 102
 112
 131
 142
 148
 149
 147
 140
 128
 112
 95
 79
 58
 37
 24
 18
 13
 186
 186
 186
 187
 187
 188
 190
 185
 123
 55
 28
 17
 13
 12
 12
 12
 12
 13
 13
 12
 11
 11
 11
 10
 10
 10
 10
 13
 37
 83
 123
 139
 144
 145
 146
 148
 152
 154
 156
 154
 146
 135
 122
 108
 92
 74
 54
 35
 22
 13
 184
 186
 186
 187
 186
 187
 189
 190
 134
 66
 32
 19
 14
 12
 12
 12
 13
 13
 12
 12
 11
 11
 10
 10
 10
 10
 11
 27
 75
 132
 154
 164
 168
 169
 165
 162
 160
 162
 164
 162
 155
 143
 131
 115
 99
 87
 74
 54
 34
 12
 184
 186
 186
 186
 185
 186
 189
 193
 149
 82
 38
 21
 15
 13
 12
 13
 13
 13
 12
 12
 11
 10
 10
 9
 10
 11
 16
 52
 118
 152
 162
 167
 173
 179
 177
 170
 166
 167
 169
 169
 163
 150
 139
 118
 100
 99
 96
 79
 52
 15
 185
 186
 186
 186
 186
 186
 188
 193
 167
 104
 47
 26
 17
 14
 13
 13
 12
 13
 13
 12
 10
 9
 9
 9
 10
 13
 30
 85
 142
 161
 155
 152
 166
 180
 180
 173
 169
 170
 171
 171
 163
 152
 137
 114
 105
 112
 114
 102
 71
 27
 185
 187
 186
 186
 185
 185
 187
 191
 182
 134
 73
 35
 21
 15
 14
 13
 12
 13
 13
 11
 10
 9
 9
 9
 10
 17
 52
 116
 156
 161
 137
 128
 147
 171
 177
 172
 172
 174
 172
 166
 156
 141
 123
 111
 115
 117
 119
 115
 84
 45
 190
 186
 186
 186
 185
 184
 186
 190
 191
 163
 113
 56
 28
 18
 14
 13
 12
 13
 12
 11
 10
 9
 9
 9
 11
 24
 74
 134
 165
 153
 115
 100
 116
 147
 165
 169
 176
 176
 167
 155
 147
 127
 101
 112
 120
 104
 107
 118
 102
 53
 184
 186
 186
 186
 185
 184
 186
 189
 192
 185
 148
 89
 39
 23
 16
 13
 13
 13
 12
 11
 10
 9
 9
 10
 13
 34
 90
 144
 166
 141
 96
 73
 82
 121
 155
 169
 175
 169
 155
 147
 144
 119
 95
 105
 109
 91
 111
 134
 131
 130
 185
 186
 186
 186
 184
 184
 186
 189
 191
 192
 173
 125
 67
 33
 20
 14
 13
 13
 12
 10
 9
 9
 9
 11
 19
 51
 108
 149
 157
 122
 77
 52
 72
 125
 160
 172
 170
 155
 142
 144
 144
 124
 94
 93
 97
 101
 136
 156
 161
 179
 185
 185
 185
 185
 184
 183
 185
 188
 190
 191
 186
 152
 106
 57
 30
 18
 14
 13
 12
 10
 9
 9
 9
 12
 27
 69
 120
 150
 149
 108
 61
 49
 89
 149
 175
 179
 171
 154
 135
 133
 135
 126
 97
 100
 115
 136
 162
 172
 175
 180
 182
 184
 184
 184
 184
 183
 184
 187
 189
 189
 189
 175
 140
 98
 52
 27
 17
 14
 12
 10
 9
 9
 9
 11
 26
 60
 103
 136
 141
 106
 63
 64
 120
 166
 186
 187
 178
 168
 134
 109
 117
 128
 118
 128
 149
 164
 172
 177
 178
 178
 180
 183
 183
 184
 183
 183
 184
 186
 187
 188
 189
 183
 164
 131
 92
 50
 25
 16
 13
 11
 10
 10
 10
 11
 19
 37
 63
 97
 121
 109
 83
 90
 135
 170
 189
 192
 188
 181
 130
 99
 113
 140
 144
 159
 165
 171
 175
 176
 177
 181
 181
 182
 182
 184
 183
 182
 183
 185
 186
 187
 188
 186
 174
 152
 124
 81
 38
 20
 14
 12
 11
 10
 9
 9
 11
 17
 37
 68
 95
 97
 82
 88
 111
 146
 178
 191
 194
 190
 134
 89
 100
 120
 127
 131
 135
 138
 141
 143
 143
 186
 182
 182
 183
 183
 182
 182
 183
 184
 185
 187
 186
 185
 172
 155
 133
 94
 50
 25
 15
 12
 11
 11
 10
 9
 10
 12
 27
 55
 71
 72
 77
 92
 96
 107
 138
 168
 181
 183
 135
 91
 86
 92
 97
 100
 101
 103
 105
 106
 107
 66
 182
 183
 183
 183
 182
 182
 183
 183
 185
 186
 186
 185
 174
 151
 124
 90
 55
 32
 19
 14
 13
 11
 10
 10
 10
 11
 28
 46
 45
 48
 75
 86
 77
 86
 103
 119
 131
 136
 107
 74
 65
 68
 71
 73
 74
 75
 76
 77
 78
 86
 183
 184
 184
 183
 182
 181
 181
 183
 185
 186
 185
 185
 177
 160
 138
 104
 71
 45
 29
 20
 16
 13
 11
 10
 10
 13
 26
 31
 26
 46
 83
 81
 63
 78
 89
 78
 79
 83
 69
 58
 55
 55
 57
 59
 59
 60
 58
 59
 59
 57
 182
 184
 184
 182
 181
 180
 181
 182
 185
 185
 185
 184
 183
 173
 159
 139
 106
 74
 52
 37
 24
 16
 13
 12
 17
 21
 27
 26
 25
 50
 81
 75
 61
 89
 84
 57
 51
 51
 48
 47
 47
 52
 55
 52
 50
 48
 46
 46
 47
 38
 185
 185
 183
 182
 181
 180
 181
 182
 184
 184
 184
 184
 184
 183
 179
 166
 145
 120
 97
 71
 43
 28
 27
 37
 49
 49
 40
 33
 27
 52
 93
 91
 68
 90
 83
 55
 48
 50
 49
 47
 58
 80
 80
 61
 48
 43
 40
 40
 41
 43
 186
 185
 183
 182
 181
 180
 180
 181
 183
 184
 184
 183
 183
 184
 185
 181
 170
 158
 144
 120
 91
 74
 74
 87
 93
 83
 65
 39
 32
 56
 98
 100
 69
 85
 80
 63
 63
 62
 61
 66
 77
 95
 87
 63
 47
 41
 39
 38
 40
 43
 185
 185
 183
 182
 181
 180
 180
 181
 183
 184
 183
 183
 183
 184
 185
 185
 182
 179
 171
 157
 140
 131
 131
 140
 125
 102
 75
 46
 38
 61
 99
 90
 59
 81
 82
 73
 74
 67
 63
 73
 98
 96
 74
 55
 46
 42
 40
 39
 40
 41
 184
 185
 183
 182
 180
 180
 180
 182
 184
 184
 184
 182
 182
 184
 184
 184
 184
 183
 182
 178
 172
 168
 166
 168
 138
 108
 74
 52
 44
 66
 92
 78
 51
 78
 87
 87
 80
 74
 71
 74
 89
 95
 64
 51
 44
 42
 41
 40
 39
 40
 184
 185
 184
 183
 182
 181
 181
 182
 184
 184
 183
 182
 182
 183
 184
 184
 184
 184
 183
 182
 182
 181
 179
 180
 145
 110
 81
 58
 49
 68
 89
 71
 47
 79
 108
 117
 118
 117
 95
 75
 99
 89
 63
 48
 43
 41
 40
 39
 37
 37
 184
 185
 185
 184
 183
 182
 182
 183
 184
 183
 183
 182
 182
 183
 184
 185
 185
 184
 183
 183
 183
 183
 183
 183
 152
 126
 99
 65
 52
 70
 89
 70
 46
 86
 133
 149
 144
 128
 100
 75
 86
 75
 56
 45
 39
 39
 44
 45
 42
 29
 184
 186
 185
 184
 182
 182
 182
 183
 184
 183
 183
 183
 182
 183
 184
 186
 185
 183
 183
 183
 183
 184
 184
 184
 161
 151
 117
 73
 57
 72
 90
 69
 46
 92
 152
 171
 143
 104
 79
 67
 68
 60
 54
 43
 38
 40
 47
 52
 49
 45
 186
 186
 185
 184
 182
 182
 182
 183
 184
 183
 183
 182
 182
 183
 185
 186
 184
 183
 183
 183
 183
 184
 184
 184
 172
 165
 127
 87
 64
 77
 91
 70
 45
 96
 157
 170
 130
 97
 93
 97
 90
 77
 68
 51
 41
 44
 49
 52
 49
 49
 186
 186
 186
 184
 182
 182
 182
 183
 183
 183
 182
 182
 183
 183
 185
 185
 184
 183
 182
 183
 183
 184
 184
 183
 179
 171
 139
 105
 74
 82
 93
 71
 46
 96
 160
 173
 150
 133
 132
 143
 136
 111
 86
 59
 45
 44
 46
 48
 46
 38
 185
 186
 186
 185
 183
 182
 182
 182
 183
 182
 182
 182
 182
 184
 184
 185
 184
 182
 182
 182
 183
 183
 183
 182
 181
 173
 160
 123
 92
 89
 97
 73
 46
 95
 156
 174
 160
 149
 145
 146
 129
 103
 82
 56
 46
 44
 44
 46
 46
 46
 185
 186
 186
 184
 183
 183
 182
 183
 182
 182
 182
 181
 182
 183
 184
 184
 184
 182
 181
 182
 182
 182
 183
 182
 181
 179
 170
 150
 116
 107
 109
 77
 47
 92
 150
 171
 155
 121
 112
 104
 91
 74
 60
 49
 45
 50
 57
 55
 50
 46
 186
 186
 185
 184
 183
 182
 181
 181
 182
 182
 181
 181
 181
 183
 183
 184
 183
 182
 181
 181
 181
 182
 182
 181
 180
 180
 179
 170
 147
 139
 129
 83
 50
 95
 150
 175
 147
 113
 83
 71
 58
 54
 51
 46
 51
 64
 66
 65
 59
 43
 185
 185
 185
 183
 183
 181
 181
 182
 182
 182
 181
 181
 181
 182
 183
 183
 183
 181
 181
 181
 181
 181
 181
 180
 180
 181
 181
 180
 168
 169
 145
 94
 56
 101
 150
 186
 165
 134
 98
 77
 73
 68
 55
 44
 65
 83
 82
 69
 67
 59
 183
 185
 184
 184
 180
 179
 180
 183
 185
 181
 179
 183
 180
 181
 182
 185
 178
 183
 180
 181
 181
 180
 177
 180
 181
 182
 178
 183
 181
 183
 193
 106
 27
 53
 227
 158
 220
 206
 112
 72
 150
 122
 39
 43
 46
 158
 81
 83
 57
 81


# name: j
# type: scalar
46


# name: pop
# type: matrix
# rows: 100
# columns: 9
 192 0 128 192 192 128 128 192 192
 192 128 128 128 192 128 128 192 192
 192 128 128 128 192 128 128 192 192
 192 128 128 192 192 128 128 128 192
 192 0 128 192 192 128 128 192 64
 64 0 128 192 128 128 128 192 192
 192 128 128 192 192 0 128 192 192
 192 128 128 128 192 128 128 192 192
 192 128 128 192 64 0 128 192 192
 192 128 128 192 192 128 128 192 192
 64 0 128 192 64 0 128 192 64
 64 0 128 192 192 128 128 192 192
 192 128 128 192 192 128 128 192 192
 192 128 128 128 192 128 128 192 192
 64 0 128 192 192 128 128 192 192
 192 128 128 192 192 128 128 192 192
 64 0 128 192 192 0 128 192 192
 128 128 128 192 192 128 128 192 64
 192 128 128 192 192 0 128 64 192
 192 128 128 192 192 0 128 192 192
 64 0 128 192 64 128 128 192 192
 128 128 128 192 192 128 128 192 192
 192 0 128 192 64 0 128 192 192
 64 0 128 192 192 128 128 192 192
 192 0 128 192 192 128 128 192 128
 192 0 128 192 192 128 128 192 192
 192 0 128 192 192 0 128 192 192
 128 128 128 192 128 128 128 192 192
 192 128 128 128 192 0 128 192 192
 192 0 128 192 192 128 128 192 64
 64 0 128 192 192 128 128 192 192
 192 0 128 192 192 128 128 192 192
 64 0 128 192 192 128 128 192 192
 192 0 128 192 192 128 128 192 64
 64 0 128 192 192 128 128 192 192
 128 128 128 192 192 128 128 192 64
 128 128 128 192 128 128 128 192 64
 64 0 128 192 192 128 128 128 192
 192 0 128 192 192 128 128 192 64
 192 128 128 192 192 128 128 192 192
 192 128 128 192 192 128 128 128 192
 192 128 128 192 192 128 128 192 192
 192 128 128 192 192 0 128 192 192
 192 0 128 192 192 0 128 192 192
 192 128 128 192 192 0 128 64 192
 192 0 128 192 192 128 128 192 192
 192 128 128 192 192 128 128 192 192
 192 128 128 192 192 128 128 192 192
 192 128 128 192 192 128 128 192 64
 64 0 128 192 192 128 128 192 192
 192 0 128 192 192 128 128 192 192
 192 128 128 192 192 0 128 192 192
 192 128 128 192 192 0 128 128 192
 192 0 128 128 192 128 128 192 192
 192 128 128 192 192 128 128 192 192
 192 128 128 128 192 128 128 192 192
 192 128 128 192 192 128 128 192 192
 192 128 128 192 192 128 128 192 192
 192 128 128 192 192 128 128 192 192
 192 128 128 192 192 0 128 128 192
 192 128 128 128 192 0 128 192 192
 192 128 128 128 192 128 128 192 192
 192 0 0 192 192 128 128 192 192
 192 128 128 192 192 128 128 192 192
 192 0 128 192 192 0 128 192 192
 64 0 128 192 192 128 128 192 192
 192 0 128 192 192 128 128 192 192
 192 128 128 192 192 128 128 192 192
 192 128 128 192 192 0 128 192 192
 192 128 128 192 192 0 128 192 128
 192 128 128 128 64 128 128 192 192
 192 128 128 192 192 128 128 192 192
 192 128 128 192 192 128 128 192 192
 192 128 128 192 192 0 128 64 192
 192 0 128 192 192 0 128 128 192
 192 128 128 192 192 0 128 192 192
 192 128 128 192 192 128 128 192 192
 192 128 128 192 192 128 128 192 192
 192 128 128 192 192 0 128 192 192
 192 128 128 192 192 128 0 192 192
 192 128 128 192 192 128 128 192 192
 128 128 128 192 192 0 128 192 192
 192 0 128 192 192 128 128 192 192
 192 0 128 192 192 128 128 192 192
 192 0 128 192 192 128 128 192 192
 192 128 128 192 192 0 128 192 192
 192 128 128 192 192 128 128 192 192
 192 0 128 128 192 128 128 192 192
 192 128 128 192 192 128 128 192 192
 128 0 128 192 192 128 128 192 192
 192 128 128 192 192 128 128 192 192
 192 128 128 192 192 0 128 192 192
 192 0 128 192 192 128 128 192 192
 192 0 128 192 192 128 128 192 192
 192 128 128 192 192 128 128 192 192
 64 0 128 192 192 0 128 192 192
 192 128 128 192 192 128 128 192 192
 192 128 128 192 192 128 128 192 192
 192 0 128 192 192 128 128 192 192
 192 0 128 192 192 128 128 192 192


# name: popSize
# type: scalar
100


# name: r
# type: scalar
100


# name: resImg
# type: matrix
# rows: 50
# columns: 50
 240 52 224 208 192 176 0 0 0 192 240 128 0 0 0 224 160 208 232 176 184 216 224 232 0 0 0 160 200 224 0 0 0 200 224 192 224 224 224 0 0 0 0 16 0 224 224 192 0 0
 224 240 52 184 192 192 0 0 0 240 192 240 0 0 0 224 224 160 160 224 176 96 216 192 0 0 0 228 160 192 0 0 0 160 224 192 192 224 224 0 0 0 0 0 16 224 224 224 0 0
 224 224 240 176 184 208 0 0 0 128 112 192 0 0 0 208 224 224 184 160 224 236 96 208 0 0 0 224 192 160 0 0 0 192 176 232 224 192 192 0 0 0 0 0 0 192 224 224 0 0
 0 0 0 88 224 192 160 160 224 0 0 0 0 0 0 224 224 224 224 224 226 0 0 0 0 0 0 240 232 160 212 160 236 224 160 192 232 224 136 240 240 192 0 0 0 224 192 224 0 0
 0 0 0 224 208 224 224 224 160 0 0 0 0 0 0 192 128 224 192 96 224 0 0 0 0 0 0 208 240 200 124 212 160 224 224 160 208 232 224 128 240 240 0 0 0 192 224 192 0 0
 0 0 0 192 224 216 224 224 224 0 0 0 0 0 0 224 64 224 194 192 224 0 0 0 0 0 0 128 208 240 232 124 212 224 224 224 128 208 232 192 128 248 0 0 0 96 224 224 0 0
 200 240 144 192 128 224 224 128 224 176 192 224 160 0 224 192 192 224 128 224 224 0 0 0 0 0 128 240 128 216 0 0 0 224 224 168 64 176 192 208 224 128 224 216 248 112 56 208 0 0
 192 232 240 194 194 192 192 224 192 224 176 192 192 224 64 176 192 192 128 192 232 0 0 0 0 0 0 176 240 128 0 0 0 224 224 224 192 192 128 176 224 192 96 224 216 240 240 48 0 0
 144 192 232 224 194 192 224 192 224 224 224 144 224 192 128 240 176 192 192 176 192 0 0 0 128 0 0 208 176 240 0 0 0 168 224 224 224 192 224 192 176 224 232 96 96 240 240 240 0 0
 176 160 144 128 192 192 128 128 64 192 0 128 0 128 128 128 0 192 192 144 0 128 192 0 192 192 0 0 64 0 0 0 4 176 192 192 0 0 0 0 0 0 192 192 228 232 224 160 0 0
 226 176 224 128 192 192 160 128 128 0 128 0 64 128 128 4 192 128 128 192 144 64 128 192 224 192 192 0 0 64 0 0 0 208 224 192 0 0 0 0 0 0 208 192 192 192 232 224 0 0
 208 194 176 192 128 128 64 224 128 192 0 192 128 64 0 192 4 192 0 224 192 0 224 16 64 224 80 0 0 0 4 0 0 208 208 240 0 0 0 0 0 0 224 208 192 176 192 232 0 0
 192 128 192 128 128 128 224 128 0 128 0 128 128 128 192 128 128 0 128 128 128 0 128 192 128 128 128 192 192 128 224 192 128 192 64 192 0 0 0 216 112 224 192 200 160 0 0 0 0 0
 208 224 192 0 128 128 128 192 128 128 128 0 128 128 128 128 128 128 0 128 0 224 0 128 192 128 128 192 192 128 224 224 192 224 128 192 0 0 0 224 216 48 224 192 200 0 0 0 0 0
 192 208 160 128 0 128 128 128 224 0 192 192 192 128 128 0 128 128 128 0 128 192 224 0 128 192 128 128 192 192 130 224 224 192 224 192 0 0 0 224 224 216 224 224 192 0 0 0 0 0
 192 192 192 128 0 0 128 128 128 128 128 192 160 128 128 192 0 128 128 192 128 160 128 128 128 0 192 128 192 128 64 128 192 128 128 128 192 192 192 240 192 224 224 160 176 228 96 224 0 0
 144 192 224 128 16 0 128 192 128 0 0 128 128 160 128 64 192 0 128 128 192 160 160 128 64 128 0 128 160 192 128 64 128 192 128 128 192 208 192 192 240 192 192 224 160 200 228 96 0 0
 192 128 192 0 128 144 128 0 128 192 0 128 128 128 160 128 64 64 128 128 128 128 160 160 64 128 128 0 128 160 128 0 64 128 192 0 192 224 208 224 192 240 48 192 232 224 200 228 0 0
 128 0 128 144 0 128 128 128 128 128 128 128 128 96 0 0 192 0 0 128 128 130 64 0 128 0 128 128 128 128 128 64 64 128 144 192 160 128 208 224 192 192 192 240 192 0 0 0 0 0
 192 128 128 128 0 0 128 64 128 128 128 128 128 128 32 128 128 64 0 128 128 196 128 0 128 128 0 128 192 0 192 128 64 128 128 144 128 64 128 224 224 192 224 192 240 0 0 0 0 0
 0 192 128 128 128 144 128 128 128 128 128 128 0 0 128 128 128 128 128 128 128 128 196 130 128 128 128 128 128 192 64 0 128 192 0 128 144 128 224 192 224 224 192 224 192 0 0 0 0 0
 128 160 64 128 64 128 128 128 128 224 0 128 128 128 128 192 64 0 64 192 192 128 0 0 128 144 128 192 192 128 128 128 128 128 128 128 192 192 128 208 240 128 0 0 0 0 0 0 0 0
 128 128 128 128 128 128 128 0 128 128 224 0 64 128 128 160 128 64 0 128 200 192 128 0 0 128 144 128 192 192 0 0 128 128 128 128 0 192 128 192 208 240 0 0 0 0 0 0 0 0
 64 128 128 128 128 128 128 128 0 128 128 96 128 64 128 0 160 128 128 0 64 0 192 160 128 0 0 128 128 192 128 4 136 128 128 128 128 128 192 192 192 80 0 0 0 0 0 0 0 0
 0 128 64 128 128 192 128 0 192 0 192 192 128 128 64 128 128 0 128 0 192 192 144 128 16 136 128 192 128 128 192 128 64 128 128 128 160 64 192 192 128 64 224 192 192 0 1 0 0 0
 128 96 128 64 128 128 192 128 0 192 0 192 128 128 128 128 128 0 128 0 0 0 192 128 0 144 136 192 192 0 128 224 128 96 128 0 128 160 64 96 224 64 192 224 192 0 0 1 0 0
 64 128 0 192 64 128 128 192 128 0 192 0 64 128 128 64 128 128 192 128 128 128 64 192 160 0 144 128 192 192 64 128 224 0 32 128 192 128 32 192 96 128 192 192 224 0 0 0 0 0
 128 0 128 128 0 212 128 128 128 192 128 192 192 192 128 0 128 128 128 128 128 192 192 192 160 192 192 224 224 160 96 128 128 128 192 128 192 192 0 32 128 128 208 0 128 224 160 0 0 0
 128 128 0 128 128 0 128 192 128 128 192 128 128 192 64 128 128 128 128 128 128 64 192 192 176 168 192 192 224 224 128 224 192 0 128 192 128 64 128 136 176 128 128 208 64 192 224 160 0 0
 128 0 128 132 192 128 128 128 0 193 0 192 128 128 192 128 128 128 128 128 128 192 68 192 194 176 168 160 192 192 128 128 224 128 0 128 0 128 192 136 136 128 192 128 208 0 192 224 0 0
 192 192 0 128 0 128 160 0 128 232 128 192 224 224 128 192 128 128 192 128 64 208 192 224 224 64 192 128 224 16 192 128 192 192 0 192 2 192 136 192 0 224 224 128 64 128 32 128 0 0
 0 64 128 128 128 0 128 128 32 128 200 128 160 224 224 128 128 128 160 192 128 160 192 192 128 224 0 128 128 96 128 192 128 128 192 128 224 192 160 128 192 0 128 192 128 192 128 0 0 0
 128 64 192 128 128 128 128 128 160 192 128 200 128 160 192 128 0 192 192 160 196 224 160 208 224 128 192 144 128 128 64 192 192 192 0 64 200 96 192 224 128 192 64 128 224 128 192 128 0 0
 192 128 64 128 0 128 128 128 128 224 160 128 224 0 160 192 128 128 192 192 192 224 224 192 160 224 224 224 208 160 192 96 192 128 192 128 64 128 192 224 128 192 224 128 224 192 192 192 0 0
 0 192 128 192 128 0 128 128 128 160 224 160 192 224 160 192 128 128 64 128 208 192 224 160 192 160 224 192 224 192 128 224 224 128 128 192 192 0 128 128 200 128 144 240 128 224 192 192 0 0
 0 128 128 128 192 128 128 128 0 128 160 224 160 192 224 128 64 64 192 64 192 192 192 224 224 192 160 224 192 224 192 128 224 128 128 128 192 192 192 224 128 224 224 144 240 192 224 192 0 0
 192 128 0 192 64 192 128 128 192 128 192 0 192 128 160 208 128 128 224 160 128 128 192 224 160 240 192 208 128 192 0 0 0 192 128 144 128 128 128 192 192 192 192 128 192 192 160 128 0 0
 192 192 128 0 128 192 64 136 128 192 0 192 160 192 0 160 144 128 224 192 160 208 224 192 224 160 224 192 208 160 0 0 0 128 192 128 192 144 128 112 192 192 128 192 128 192 192 160 0 0
 0 128 128 128 0 192 128 64 136 0 192 128 192 160 192 128 32 208 128 224 192 96 208 224 192 224 160 192 64 208 0 0 0 144 128 192 128 192 144 192 112 192 192 128 192 128 64 192 0 0
 136 128 128 224 0 128 192 128 128 192 128 128 192 128 128 192 192 128 208 128 192 224 192 224 192 128 132 192 192 160 128 192 192 0 0 224 192 192 192 160 128 192 192 64 192 192 128 160 0 0
 128 192 128 192 192 128 160 192 128 128 192 128 128 192 128 128 128 192 96 208 128 192 224 192 160 192 192 128 224 192 128 64 192 192 128 0 160 192 128 192 160 128 192 192 80 0 192 128 0 0
 128 128 192 128 192 224 128 128 192 128 128 192 128 128 192 128 128 128 128 224 208 224 192 192 132 224 192 0 128 160 192 128 192 224 192 128 192 160 192 192 192 160 192 128 192 160 128 194 0 0
 128 192 192 192 192 192 192 128 160 64 128 128 64 16 128 192 128 192 224 64 128 224 208 128 128 128 144 192 128 192 192 192 128 192 128 128 128 128 128 192 0 128 128 192 160 192 160 128 0 0
 192 128 192 192 192 224 128 192 128 144 64 128 128 128 16 128 192 128 160 224 192 128 224 208 192 192 128 128 224 160 192 224 160 128 192 128 192 128 128 160 224 0 0 128 192 32 192 160 0 0
 192 192 128 192 192 64 128 192 128 128 144 192 128 128 128 64 0 192 128 128 224 128 128 224 144 224 192 192 128 224 128 192 224 0 192 192 128 192 128 128 160 192 160 0 128 128 32 128 0 0
 224 128 160 0 0 0 192 192 0 192 32 0 0 160 160 128 128 128 128 0 128 192 192 192 64 192 128 64 96 192 192 224 192 193 64 128 192 0 192 132 128 128 0 128 128 192 128 128 0 0
 128 224 128 0 0 0 64 224 192 208 224 64 128 0 192 128 128 0 192 128 128 0 224 0 0 192 192 192 192 224 128 64 96 0 193 64 128 224 0 128 192 128 128 128 192 192 192 128 0 0
 160 128 224 0 0 0 128 128 192 0 208 64 128 128 0 128 128 128 0 128 128 192 64 192 128 192 192 192 192 160 192 128 192 128 128 193 192 128 224 128 144 196 0 128 128 128 192 192 0 0
 0 0 0 0 0 0 0 0 0 0 0 0 0 0 0 0 0 0 0 0 0 0 0 0 0 0 0 0 0 0 0 0 0 0 0 0 0 0 0 0 0 0 0 0 0 0 0 0 0 0
 0 0 0 0 0 0 0 0 0 0 0 0 0 0 0 0 0 0 0 0 0 0 0 0 0 0 0 0 0 0 0 0 0 0 0 0 0 0 0 0 0 0 0 0 0 0 0 0 0 0


# name: selected
# type: scalar
64


# name: x
# type: scalar
50


# name: y
# type: scalar
50


